0 2
1 2
2 2
3 5
4 2
5 6
6 3
7 2
8 4
9 3
10 2
11 3
12 6
13 3
14 7
15 4
16 2
17 7
18 5
19 2
20 3
21 3
22 2
23 3
24 3
25 4
26 4
27 2
28 2
29 3
30 2
31 2
32 2
33 2
34 4
35 2
36 3
37 2
38 3
39 2
40 4
41 4
42 2
43 4
44 4
45 3
46 3
47 5
48 2
49 2
50 5
51 2
52 6
53 3
54 5
55 2
56 4
57 6
58 2
59 2
60 7
61 2
62 3
63 3
64 4
65 3
66 2
67 5
68 4
69 2
70 2
71 5
72 2
73 2
74 3
75 4
76 4
77 3
78 7
79 3
80 2
81 2
82 7
83 6
84 4
85 3
86 6
87 5
88 6
89 7
90 3
91 3
92 7
93 3
94 3
95 3
96 5
97 2
98 3
99 2
100 3
101 2
102 2
103 3
104 2
105 2
106 3
107 2
108 2
109 3
110 2
111 3
112 150
113 2
114 2
115 2
116 2
117 4
118 2
119 6
120 4
121 4
122 5
123 3
124 4
125 2
126 2
127 2
128 2
129 3
130 2
131 5
132 2
133 7
134 6
135 2
136 5
137 6
138 2
139 4
140 2
141 2
142 3
143 6
144 2
145 2
146 5
147 2
148 2
149 5
150 7
151 4
152 2
153 5
154 4
155 2
156 6
157 5
158 2
159 2
160 2
161 2
162 2
163 3
164 2
165 2
166 5
167 4
168 2
169 2
170 4
171 2
172 5
173 2
174 306
175 4
176 7
177 2
178 2
179 2
180 6
181 3
182 2
183 2
184 3
185 2
186 6
187 5
188 2
189 7
190 7
191 2
192 2
193 2
194 5
195 2
196 2
197 3
198 2
199 2
200 2
201 3
202 2
203 2
204 5
205 4
206 2
207 7
208 2
209 2
210 2
211 6
212 4
213 2
214 3
215 6
216 2
217 2
218 2
219 4
220 4
221 3
222 2
223 2
224 3
225 2
226 4
227 3
228 3
229 2
230 2
231 3
232 2
233 6
234 4
235 3
236 3
237 4
238 5
239 3
240 2
241 4
242 2
243 2
244 4
245 2
246 2
247 6
248 2
249 3
250 2
251 2
252 4
253 7
254 7
255 3
256 2
257 2
258 2
259 3
260 4
261 2
262 6
263 2
264 5
265 2
266 2
267 4
268 2
269 3
270 2
271 4
272 5
273 4
274 2
275 5
276 3
277 4
278 2
279 6
280 7
281 2
282 48
283 60
284 5
285 2
286 5
287 7
288 5
289 3
290 7
291 2
292 4
293 2
294 2
295 7
296 2
297 5
298 2
299 4
300 2
301 4
302 2
303 2
304 3
305 3
306 3
307 2
308 2
309 4
310 3
311 2
312 2
313 2
314 2
315 3
316 2
317 2
318 3
319 4
320 3
321 2
322 2
323 4
324 4
325 2
326 2
327 3
328 2
329 2
330 2
331 3
332 3
333 2
334 3
335 5
336 2
337 2
338 2
339 6
340 2
341 2
342 6
343 2
344 3
345 2
346 2
347 3
348 6
349 3
350 2
351 4
352 2
353 2
354 3
355 4
356 4
357 3
358 4
359 4
360 2
361 2
362 32
363 3
364 2
365 2
366 4
367 4
368 5
369 4
370 2
371 5
372 5
373 4
374 4
375 2
376 2
377 5
378 2
379 2
380 4
381 5
382 4
383 774
384 5
385 2
386 4
387 5
388 4
389 4
390 4
391 2
392 2
393 2
394 7
395 2
396 2
397 3
398 3
399 2
400 2
401 6
402 2
403 2
404 6
405 2
406 6
407 2
408 3
409 2
410 3
411 2
412 2
413 5
414 4
415 6
416 5
417 5
418 2
419 2
420 2
421 3
422 2
423 5
424 5
425 5
426 3
427 3
428 4
429 2
430 3
431 2
432 6
433 6
434 4
435 4
436 2
437 4
438 4
439 2
440 5
441 6
442 4
443 2
444 3
445 2
446 4
447 4
448 3
449 7
450 7
451 4
452 4
453 4
454 2
455 2
456 2
457 4
458 2
459 2
460 2
461 2
462 2
463 6
464 4
465 4
466 2
467 2
468 4
469 3
470 3
471 2
472 7
473 2
474 3
475 7
476 2
477 2
478 2
479 6
480 2
481 2
482 2
483 2
484 2
485 5
486 2
487 3
488 2
489 2
490 2
491 2
492 2
493 3
494 7
495 3
496 2
497 7
498 6
499 4
500 2
501 4
502 2
503 2
504 2
505 4
506 3
507 2
508 2
509 2
510 2
511 2
512 2
513 4
514 122
515 3
516 5
517 3
518 2
519 2
520 2
521 2
522 3
523 3
524 3
525 7
526 2
527 5
528 3
529 2
530 2
531 3
532 4
533 5
534 2
535 2
536 3
537 4
538 2
539 2
540 7
541 2
542 3
543 2
544 3
545 2
546 2
547 5
548 3
549 2
550 2
551 5
552 4
553 2
554 2
555 3
556 6
557 6
558 3
559 3
560 2
561 4
562 2
563 2
564 2
565 3
566 5
567 3
568 7
569 4
570 2
571 5
572 3
573 2
574 3
575 7
576 3
577 3
578 2
579 3
580 3
581 7
582 5
583 3
584 2
585 2
586 5
587 2
588 2
589 7
590 2
591 2
592 5
593 2
594 2
595 3
596 3
597 2
598 3
599 2
600 4
601 3
602 4
603 6
604 3
605 4
606 3
607 2
608 3
609 2
610 2
611 2
612 2
613 4
614 2
615 6
616 2
617 5
618 3
619 4
620 3
621 2
622 2
623 6
624 2
625 2
626 2
627 2
628 5
629 4
630 2
631 2
632 2
633 2
634 2
635 2
636 6
637 3
638 2
639 2
640 77
641 3
642 3
643 2
644 6
645 2
646 3
647 5
648 3
649 2
650 3
651 188
652 2
653 5
654 4
655 2
656 4
657 5
658 2
659 3
660 2
661 5
662 2
663 4
664 3
665 2
666 2
667 2
668 3
669 5
670 2
671 2
672 4
673 2
674 7
675 3
676 2
677 2
678 5
679 4
680 4
681 3
682 2
683 3
684 2
685 3
686 4
687 2
688 4
689 7
690 2
691 7
692 2
693 3
694 4
695 2
696 2
697 6
698 6
699 2
700 6
701 4
702 4
703 2
704 5
705 4
706 3
707 2
708 7
709 2
710 2
711 2
712 2
713 2
714 2
715 2
716 4
717 4
718 2
719 7
720 3
721 7
722 6
723 6
724 2
725 6
726 2
727 4
728 4
729 4
730 3
731 3
732 2
733 2
734 3
735 3
736 3
737 5
738 3
739 3
740 2
741 3
742 3
743 5
744 5
745 5
746 4
747 2
748 2
749 7
750 4
751 3
752 32
753 5
754 2
755 3
756 2
757 4
758 2
759 6
760 122
761 2
762 3
763 2
764 7
765 2
766 5
767 1018
768 3
769 2
770 2
771 4
772 5
773 5
774 3
775 2
776 2
777 3
778 2
779 2
780 2
781 3
782 35
783 2
784 3
785 2
786 3
787 7
788 2
789 4
790 4
791 3
792 2
793 6
794 3
795 3
796 3
797 2
798 3
799 2
800 4
801 2
802 2
803 3
804 4
805 5
806 5
807 4
808 2
809 2
810 3
811 4
812 7
813 2
814 3
815 36
816 4
817 3
818 2
819 3
820 2
821 2
822 3
823 3
824 3
825 2
826 5
827 4
828 4
829 4
830 2
831 4
832 4
833 3
834 6
835 7
836 6
837 6
838 5
839 5
840 6
841 2
842 2
843 2
844 2
845 6
846 3
847 4
848 3
849 5
850 4
851 2
852 2
853 3
854 2
855 4
856 5
857 5
858 3
859 2
860 3
861 2
862 4
863 2
864 3
865 3
866 4
867 2
868 5
869 3
870 3
871 6
872 2
873 3
874 33
875 2
876 7
877 3
878 3
879 2
880 4
881 2
882 2
883 5
884 2
885 3
886 2
887 7
888 2
889 36
890 2
891 4
892 2
893 77
894 2
895 4
896 6
897 4
898 2
899 2
900 2
901 2
902 3
903 2
904 5
905 3
906 2
907 2
908 2
909 3
910 3
911 2
912 3
913 7
914 2
915 2
916 5
917 3
918 5
919 2
920 2
921 4
922 4
923 3
924 5
925 2
926 6
927 4
928 5
929 3
930 2
931 6
932 3
933 3
934 2
935 2
936 2
937 3
938 3
939 4
940 4
941 2
942 2
943 3
944 7
945 2
946 3
947 5
948 2
949 2
950 4
951 4
952 6
953 2
954 2
955 3
956 2
957 2
958 2
959 3
960 4
961 2
962 5
963 6
964 7
965 3
966 3
967 2
968 118
969 3
970 4
971 2
972 2
973 7
974 3
975 2
976 6
977 4
978 3
979 2
980 2
981 2
982 4
983 5
984 2
985 3
986 7
987 3
988 3
989 4
990 3
991 3
992 68
993 5
994 4
995 7
996 2
997 2
998 3
999 3
1000 5
1001 3
1002 2
1003 2
1004 5
1005 4
1006 3
1007 5
1008 2
1009 3
1010 2
1011 2
1012 2
1013 4
1014 4
1015 2
1016 2
1017 2
1018 2
1019 3
1020 2
1021 2
1022 2
1023 3
1024 2
1025 3
1026 3
1027 2
1028 3
1029 4
1030 4
1031 4
1032 3
1033 4
1034 4
1035 2
1036 2
1037 5
1038 5
1039 5
1040 5
1041 4
1042 2
1043 39
1044 2
1045 5
1046 5
1047 3
1048 4
1049 2
1050 2
1051 5
1052 2
1053 5
1054 2
1055 610
1056 4
1057 2
1058 2
1059 2
1060 2
1061 3
1062 2
1063 4
1064 5
1065 2
1066 2
1067 5
1068 3
1069 6
1070 5
1071 2
1072 4
1073 2
1074 6
1075 2
1076 4
1077 2
1078 3
1079 2
1080 3
1081 4
1082 3
1083 4
1084 2
1085 2
1086 3
1087 3
1088 2
1089 3
1090 4
1091 3
1092 2
1093 6
1094 7
1095 5
1096 2
1097 4
1098 2
1099 2
1100 2
1101 6
1102 5
1103 2
1104 5
1105 2
1106 3
1107 2
1108 3
1109 4
1110 2
1111 5
1112 2
1113 2
1114 2
1115 4
1116 6
1117 3
1118 3
1119 2
1120 6
1121 3
1122 5
1123 6
1124 4
1125 2
1126 5
1127 6
1128 2
1129 2
1130 2
1131 2
1132 4
1133 4
1134 2
1135 2
1136 2
1137 6
1138 4
1139 3
1140 4
1141 3
1142 3
1143 3
1144 3
1145 2
1146 3
1147 98
1148 4
1149 3
1150 2
1151 2
1152 2
1153 5
1154 5
1155 3
1156 4
1157 3
1158 2
1159 2
1160 2
1161 113
1162 6
1163 4
1164 4
1165 4
1166 4
1167 5
1168 3
1169 2
1170 3
1171 2
1172 42
1173 2
1174 3
1175 2
1176 3
1177 2
1178 3
1179 3
1180 6
1181 4
1182 2
1183 2
1184 3
1185 3
1186 2
1187 7
1188 2
1189 2
1190 4
1191 5
1192 2
1193 5
1194 6
1195 3
1196 3
1197 4
1198 4
1199 2
1200 7
1201 2
1202 2
1203 4
1204 3
1205 6
1206 3
1207 5
1208 3
1209 5
1210 7
1211 4
1212 4
1213 2
1214 2
1215 2
1216 3
1217 3
1218 7
1219 2
1220 2
1221 3
1222 2
1223 4
1224 5
1225 4
1226 2
1227 3
1228 2
1229 2
1230 2
1231 3
1232 4
1233 4
1234 4
1235 2
1236 2
1237 3
1238 31
1239 2
1240 7
1241 2
1242 3
1243 7
1244 3
1245 2
1246 3
1247 3
1248 6
1249 5
1250 3
1251 5
1252 3
1253 4
1254 4
1255 3
1256 2
1257 2
1258 5
1259 2
1260 3
1261 2
1262 5
1263 5
1264 3
1265 5
1266 2
1267 7
1268 4
1269 2
1270 7
1271 4
1272 2
1273 223
1274 3
1275 3
1276 7
1277 4
1278 2
1279 4
1280 2
1281 7
1282 2
1283 2
1284 2
1285 2
1286 4
1287 2
1288 2
1289 2
1290 2
1291 2
1292 2
1293 2
1294 5
1295 5
1296 2
1297 2
1298 5
1299 4
1300 2
1301 2
1302 2
1303 3
1304 5
1305 2
1306 2
1307 2
1308 5
1309 3
1310 2
1311 5
1312 3
1313 7
1314 6
1315 2
1316 3
1317 2
1318 4
1319 4
1320 2
1321 5
1322 3
1323 2
1324 2
1325 2
1326 2
1327 2
1328 2
1329 2
1330 2
1331 2
1332 2
1333 4
1334 2
1335 2
1336 3
1337 5
1338 3
1339 2
1340 2
1341 7
1342 6
1343 6
1344 3
1345 7
1346 4
1347 4
1348 2
1349 2
1350 291
1351 6
1352 2
1353 7
1354 3
1355 4
1356 31
1357 2
1358 5
1359 2
1360 41
1361 3
1362 2
1363 2
1364 4
1365 3
1366 2
1367 3
1368 2
1369 4
1370 2
1371 4
1372 2
1373 7
1374 731
1375 5
1376 2
1377 3
1378 6
1379 4
1380 5
1381 2
1382 2
1383 2
1384 2
1385 2
1386 3
1387 2
1388 2
1389 2
1390 2
1391 3
1392 6
1393 6
1394 3
1395 3
1396 2
1397 4
1398 3
1399 2
1400 4
1401 2
1402 2
1403 2
1404 5
1405 2
1406 4
1407 5
1408 2
1409 2
1410 4
1411 5
1412 5
1413 2
1414 2
1415 4
1416 5
1417 2
1418 2
1419 2
1420 2
1421 2
1422 2
1423 4
1424 5
1425 2
1426 4
1427 2
1428 33
1429 2
1430 6
1431 4
1432 4
1433 2
1434 4
1435 4
1436 2
1437 3
1438 7
1439 2
1440 5
1441 5
1442 2
1443 2
1444 2
1445 2
1446 4
1447 2
1448 2
1449 2
1450 3
1451 6
1452 3
1453 2
1454 3
1455 2
1456 2
1457 7
1458 3
1459 2
1460 54
1461 7
1462 3
1463 4
1464 3
1465 2
1466 2
1467 2
1468 2
1469 2
1470 2
1471 2
1472 2
1473 4
1474 2
1475 2
1476 2
1477 864
1478 3
1479 3
1480 5
1481 4
1482 5
1483 2
1484 4
1485 2
1486 2
1487 6
1488 2
1489 4
1490 4
1491 3
1492 4
1493 4
1494 2
1495 2
1496 4
1497 7
1498 2
1499 3
1500 4
1501 4
1502 2
1503 2
1504 2
1505 4
1506 2
1507 6
1508 3
1509 2
1510 2
1511 2
1512 2
1513 3
1514 3
1515 2
1516 2
1517 2
1518 2
1519 4
1520 5
1521 5
1522 4
1523 2
1524 2
1525 2
1526 2
1527 6
1528 6
1529 2
1530 3
1531 4
1532 2
1533 7
1534 3
1535 3
1536 6
1537 4
1538 4
1539 2
1540 2
1541 2
1542 2
1543 4
1544 2
1545 2
1546 2
1547 5
1548 4
1549 2
1550 7
1551 2
1552 4
1553 3
1554 4
1555 3
1556 3
1557 3
1558 6
1559 2
1560 2
1561 4
1562 6
1563 2
1564 2
1565 6
1566 2
1567 3
1568 5
1569 4
1570 6
1571 3
1572 3
1573 5
1574 4
1575 5
1576 2
1577 6
1578 4
1579 4
1580 6
1581 2
1582 3
1583 2
1584 4
1585 2
1586 2
1587 2
1588 2
1589 2
1590 2
1591 2
1592 3
1593 6
1594 2
1595 4
1596 2
1597 2
1598 2
1599 5
1600 2
1601 2
1602 3
1603 2
1604 2
1605 2
1606 3
1607 2
1608 3
1609 2
1610 2
1611 7
1612 2
1613 4
1614 2
1615 2
1616 7
1617 2
1618 3
1619 38
1620 3
1621 2
1622 3
1623 4
1624 2
1625 7
1626 2
1627 2
1628 2
1629 5
1630 2
1631 3
1632 5
1633 3
1634 2
1635 2
1636 3
1637 3
1638 31
1639 2
1640 3
1641 3
1642 2
1643 2
1644 5
1645 2
1646 2
1647 5
1648 7
1649 2
1650 2
1651 3
1652 3
1653 2
1654 31
1655 2
1656 4
1657 2
1658 2
1659 3
1660 4
1661 3
1662 3
1663 2
1664 3
1665 2
1666 2
1667 3
1668 3
1669 5
1670 2
1671 5
1672 2
1673 2
1674 3
1675 2
1676 4
1677 3
1678 2
1679 2
1680 6
1681 2
1682 5
1683 2
1684 5
1685 2
1686 2
1687 2
1688 2
1689 7
1690 3
1691 3
1692 2
1693 4
1694 3
1695 4
1696 4
1697 3
1698 2
1699 2
1700 2
1701 2
1702 5
1703 2
1704 3
1705 6
1706 7
1707 5
1708 2
1709 3
1710 5
1711 5
1712 4
1713 2
1714 3
1715 4
1716 2
1717 2
1718 4
1719 4
1720 2
1721 4
1722 3
1723 4
1724 2
1725 3
1726 3
1727 4
1728 4
1729 4
1730 4
1731 1
1732 1
1733 1
1734 1
1735 1
1736 1
1737 1
1738 1
1739 1
1740 1
1741 1
1742 1
1743 1
1744 1
1745 1
1746 1
1747 1
1748 1
1749 1
1750 1
1751 1
1752 1
1753 1
1754 1
1755 1
1756 1
1757 1
1758 1
1759 1
1760 1
1761 1
1762 1
1763 1
1764 1
1765 1
1766 1
1767 1
1768 1
1769 1
1770 1
1771 1
1772 1
1773 1
1774 1
1775 1
1776 1
1777 1
1778 1
1779 1
1780 1
1781 1
1782 1
1783 1
1784 1
1785 1
1786 1
1787 1
1788 1
1789 1
1790 1
1791 1
1792 1
1793 1
1794 1
1795 1
1796 1
1797 1
1798 1
1799 1
1800 1
1801 1
1802 1
1803 1
1804 1
1805 1
1806 1
1807 1
1808 1
1809 1
1810 1
1811 1
1812 1
1813 1
1814 1
1815 1
1816 1
1817 1
1818 1
1819 1
1820 1
1821 1
1822 1
1823 1
1824 1
1825 1
1826 1
1827 1
1828 1
1829 1
1830 1
1831 1
1832 1
1833 1
1834 1
1835 1
1836 1
1837 1
1838 1
1839 1
1840 1
1841 1
1842 1
1843 1
1844 1
1845 1
1846 1
1847 1
1848 1
1849 1
1850 1
1851 1
1852 1
1853 1
1854 1
1855 1
1856 1
1857 1
1858 1
1859 1
1860 1
1861 1
1862 1
1863 1
1864 1
1865 1
1866 1
1867 1
1868 1
1869 1
1870 1
1871 1
1872 1
1873 1
1874 1
1875 1
1876 1
1877 1
1878 1
1879 1
1880 1
1881 1
1882 1
1883 1
1884 1
1885 1
1886 1
1887 1
1888 1
1889 1
1890 1
1891 1
1892 1
1893 1
1894 1
1895 1
1896 1
1897 1
1898 1
1899 1
1900 1
1901 1
1902 1
1903 1
1904 1
1905 1
1906 1
1907 1
1908 1
1909 1
1910 1
1911 1
1912 1
1913 1
1914 1
1915 1
1916 1
1917 1
1918 1
1919 1
1920 1
1921 1
1922 1
1923 1
1924 1
1925 1
1926 1
1927 1
1928 1
1929 1
1930 1
1931 1
1932 1
1933 1
1934 1
1935 1
1936 1
1937 1
1938 1
1939 1
1940 1
1941 1
1942 1
1943 1
1944 1
1945 1
1946 1
1947 1
1948 1
1949 1
1950 1
1951 1
1952 1
1953 1
1954 1
1955 1
1956 1
1957 1
1958 1
1959 1
1960 1
1961 1
1962 1
1963 1
1964 1
1965 1
1966 1
1967 1
1968 1
1969 1
1970 1
1971 1
1972 1
1973 1
1974 1
1975 1
1976 1
1977 1
1978 1
1979 1
1980 1
1981 1
1982 1
1983 1
1984 1
1985 1
1986 1
1987 1
1988 1
1989 1
1990 1
1991 1
1992 1
1993 1
1994 1
1995 1
1996 1
1997 1
1998 1
1999 1
2000 1
2001 1
2002 1
2003 1
2004 1
2005 1
2006 1
2007 1
2008 1
2009 1
2010 1
2011 1
2012 1
2013 1
2014 1
2015 1
2016 1
2017 1
2018 1
2019 1
2020 1
2021 1
2022 1
2023 1
2024 1
2025 1
2026 1
2027 1
2028 1
2029 1
2030 1
2031 1
2032 1
2033 1
2034 1
2035 1
2036 1
2037 1
2038 1
2039 1
2040 1
2041 1
2042 1
2043 1
2044 1
2045 1
2046 1
2047 1
2048 1
2049 1
2050 1
2051 1
2052 1
2053 1
2054 1
2055 1
2056 1
2057 1
2058 1
2059 1
2060 1
2061 1
2062 1
2063 1
2064 1
2065 1
2066 1
2067 1
2068 1
2069 1
2070 1
2071 1
2072 1
2073 1
2074 1
2075 1
2076 1
2077 1
2078 1
2079 1
2080 1
2081 1
2082 1
2083 1
2084 1
2085 1
2086 1
2087 1
2088 1
2089 1
2090 1
2091 1
2092 1
2093 1
2094 1
2095 1
2096 1
2097 1
2098 1
2099 1
2100 1
2101 1
2102 1
2103 1
2104 1
2105 1
2106 1
2107 1
2108 1
2109 1
2110 1
2111 1
2112 1
2113 1
2114 1
2115 1
2116 1
2117 1
2118 1
2119 1
2120 1
2121 1
2122 1
2123 1
2124 1
2125 1
2126 1
2127 1
2128 1
2129 1
2130 1
2131 1
2132 1
2133 1
2134 1
2135 1
2136 1
2137 1
2138 1
2139 1
2140 1
2141 1
2142 1
2143 1
2144 1
2145 1
2146 1
2147 1
2148 1
2149 1
2150 1
2151 1
2152 1
2153 1
2154 1
2155 1
2156 1
2157 1
2158 1
2159 1
2160 1
2161 1
2162 1
2163 1
2164 1
2165 1
2166 1
2167 1
2168 1
2169 1
2170 1
2171 1
2172 1
2173 1
2174 1
2175 1
2176 1
2177 1
2178 1
2179 1
2180 1
2181 1
2182 1
2183 1
2184 1
2185 1
2186 1
2187 1
2188 1
2189 1
2190 1
2191 1
2192 1
2193 1
2194 1
2195 1
2196 1
2197 1
2198 1
2199 1
2200 1
2201 1
2202 1
2203 1
2204 1
2205 1
2206 1
2207 1
2208 1
2209 1
2210 1
2211 1
2212 1
2213 1
2214 1
2215 1
2216 1
2217 1
2218 1
2219 1
2220 1
2221 1
2222 1
2223 1
2224 1
2225 1
2226 1
2227 1
2228 1
2229 1
2230 1
2231 1
2232 1
2233 1
2234 1
2235 1
2236 1
2237 1
2238 1
2239 1
2240 1
2241 1
2242 1
2243 1
2244 1
2245 1
2246 1
2247 1
2248 1
2249 1
2250 1
2251 1
2252 1
2253 1
2254 1
2255 1
2256 1
2257 1
2258 1
2259 1
2260 1
2261 1
2262 1
2263 1
2264 1
2265 1
2266 1
2267 1
2268 1
2269 1
2270 1
2271 1
2272 1
2273 1
2274 1
2275 1
2276 1
2277 1
2278 1
2279 1
2280 1
2281 1
2282 1
2283 1
2284 1
2285 1
2286 1
2287 1
2288 1
2289 1
2290 1
2291 1
2292 1
2293 1
2294 1
2295 1
2296 1
2297 1
2298 1
2299 1
2300 1
2301 1
2302 1
2303 1
2304 1
2305 1
2306 1
2307 1
2308 1
2309 1
2310 1
2311 1
2312 1
2313 1
2314 1
2315 1
2316 1
2317 1
2318 1
2319 1
2320 1
2321 1
2322 1
2323 1
2324 1
2325 1
2326 1
2327 1
2328 1
2329 1
2330 1
2331 1
2332 1
2333 1
2334 1
2335 1
2336 1
2337 1
2338 1
2339 1
2340 1
2341 1
2342 1
2343 1
2344 1
2345 1
2346 1
2347 1
2348 1
2349 1
2350 1
2351 1
2352 1
2353 1
2354 1
2355 1
2356 1
2357 1
2358 1
2359 1
2360 1
2361 1
2362 1
2363 1
2364 1
2365 1
2366 1
2367 1
2368 1
2369 1
2370 1
2371 1
2372 1
2373 1
2374 1
2375 1
2376 1
2377 1
2378 1
2379 1
2380 1
2381 1
2382 1
2383 1
2384 1
2385 1
2386 1
2387 1
2388 1
2389 1
2390 1
2391 1
2392 1
2393 1
2394 1
2395 1
2396 1
2397 1
2398 1
2399 1
2400 1
2401 1
2402 1
2403 1
2404 1
2405 1
2406 1
2407 1
2408 1
2409 1
2410 1
2411 1
2412 1
2413 1
2414 1
2415 1
2416 1
2417 1
2418 1
2419 1
2420 1
2421 1
2422 1
2423 1
2424 1
2425 1
2426 1
2427 1
2428 1
2429 1
2430 1
2431 1
2432 1
2433 1
2434 1
2435 1
2436 1
2437 1
2438 1
2439 1
2440 1
2441 1
2442 1
2443 1
2444 1
2445 1
2446 1
2447 1
2448 1
2449 1
2450 1
2451 1
2452 1
2453 1
2454 1
2455 1
2456 1
2457 1
2458 1
2459 1
2460 1
2461 1
2462 1
2463 1
2464 1
2465 1
2466 1
2467 1
2468 1
2469 1
2470 1
2471 1
2472 1
2473 1
2474 1
2475 1
2476 1
2477 1
2478 1
2479 1
2480 1
2481 1
2482 1
2483 1
2484 1
2485 1
2486 1
2487 1
2488 1
2489 1
2490 1
2491 1
2492 1
2493 1
2494 1
2495 1
2496 1
2497 1
2498 1
2499 1
2500 1
2501 1
2502 1
2503 1
2504 1
2505 1
2506 1
2507 1
2508 1
2509 1
2510 1
2511 1
2512 1
2513 1
2514 1
2515 1
2516 1
2517 1
2518 1
2519 1
2520 1
2521 1
2522 1
2523 1
2524 1
2525 1
2526 1
2527 1
2528 1
2529 1
2530 1
2531 1
2532 1
2533 1
2534 1
2535 1
2536 1
2537 1
2538 1
2539 1
2540 1
2541 1
2542 1
2543 1
2544 1
2545 1
2546 1
2547 1
2548 1
2549 1
2550 1
2551 1
2552 1
2553 1
2554 1
2555 1
2556 1
2557 1
2558 1
2559 1
2560 1
2561 1
2562 1
2563 1
2564 1
2565 1
2566 1
2567 1
2568 1
2569 1
2570 1
2571 1
2572 1
2573 1
2574 1
2575 1
2576 1
2577 1
2578 1
2579 1
2580 1
2581 1
2582 1
2583 1
2584 1
2585 1
2586 1
2587 1
2588 1
2589 1
2590 1
2591 1
2592 1
2593 1
2594 1
2595 1
2596 1
2597 1
2598 1
2599 1
2600 1
2601 1
2602 1
2603 1
2604 1
2605 1
2606 1
2607 1
2608 1
2609 1
2610 1
2611 1
2612 1
2613 1
2614 1
2615 1
2616 1
2617 1
2618 1
2619 1
2620 1
2621 1
2622 1
2623 1
2624 1
2625 1
2626 1
2627 1
2628 1
2629 1
2630 1
2631 1
2632 1
2633 1
2634 1
2635 1
2636 1
2637 1
2638 1
2639 1
2640 1
2641 1
2642 1
2643 1
2644 1
2645 1
2646 1
2647 1
2648 1
2649 1
2650 1
2651 1
2652 1
2653 1
2654 1
2655 1
2656 1
2657 1
2658 1
2659 1
2660 1
2661 1
2662 1
2663 1
2664 1
2665 1
2666 1
2667 1
2668 1
2669 1
2670 1
2671 1
2672 1
2673 1
2674 1
2675 1
2676 1
2677 1
2678 1
2679 1
2680 1
2681 1
2682 1
2683 1
2684 1
2685 1
2686 1
2687 1
2688 1
2689 1
2690 1
2691 1
2692 1
2693 1
2694 1
2695 1
2696 1
2697 1
2698 1
2699 1
2700 1
2701 1
2702 1
2703 1
2704 1
2705 1
2706 1
2707 1
2708 1
2709 1
2710 1
2711 1
2712 1
2713 1
2714 1
2715 1
2716 1
2717 1
2718 1
2719 1
2720 1
2721 1
2722 1
2723 1
2724 1
2725 1
2726 1
2727 1
2728 1
2729 1
2730 1
2731 1
2732 1
2733 1
2734 1
2735 1
2736 1
2737 1
2738 1
2739 1
2740 1
2741 1
2742 1
2743 1
2744 1
2745 1
2746 1
2747 1
2748 1
2749 1
2750 1
2751 1
2752 1
2753 1
2754 1
2755 1
2756 1
2757 1
2758 1
2759 1
2760 1
2761 1
2762 1
2763 1
2764 1
2765 1
2766 1
2767 1
2768 1
2769 1
2770 1
2771 1
2772 1
2773 1
2774 1
2775 1
2776 1
2777 1
2778 1
2779 1
2780 1
2781 1
2782 1
2783 1
2784 1
2785 1
2786 1
2787 1
2788 1
2789 1
2790 1
2791 1
2792 1
2793 1
2794 1
2795 1
2796 1
2797 1
2798 1
2799 1
2800 1
2801 1
2802 1
2803 1
2804 1
2805 1
2806 1
2807 1
2808 1
2809 1
2810 1
2811 1
2812 1
2813 1
2814 1
2815 1
2816 1
2817 1
2818 1
2819 1
2820 1
2821 1
2822 1
2823 1
2824 1
2825 1
2826 1
2827 1
2828 1
2829 1
2830 1
2831 1
2832 1
2833 1
2834 1
2835 1
2836 1
2837 1
2838 1
2839 1
2840 1
2841 1
2842 1
2843 1
2844 1
2845 1
2846 1
2847 1
2848 1
2849 1
2850 1
2851 1
2852 1
2853 1
2854 1
2855 1
2856 1
2857 1
2858 1
2859 1
2860 1
2861 1
2862 1
2863 1
2864 1
2865 1
2866 1
2867 1
2868 1
2869 1
2870 1
2871 1
2872 1
2873 1
2874 1
2875 1
2876 1
2877 1
2878 1
2879 1
2880 1
2881 1
2882 1
2883 1
2884 1
2885 1
2886 1
2887 1
2888 1
2889 1
2890 1
2891 1
2892 1
2893 1
2894 1
2895 1
2896 1
2897 1
2898 1
2899 1
2900 1
2901 1
2902 1
2903 1
2904 1
2905 1
2906 1
2907 1
2908 1
2909 1
2910 1
2911 1
2912 1
2913 1
2914 1
2915 1
2916 1
2917 1
2918 1
2919 1
2920 1
2921 1
2922 1
2923 1
2924 1
2925 1
2926 1
2927 1
2928 1
2929 1
2930 1
2931 1
2932 1
2933 1
2934 1
2935 1
2936 1
2937 1
2938 1
2939 1
2940 1
2941 1
2942 1
2943 1
2944 1
2945 1
2946 1
2947 1
2948 1
2949 1
2950 1
2951 1
2952 1
2953 1
2954 1
2955 1
2956 1
2957 1
2958 1
2959 1
2960 1
2961 1
2962 1
2963 1
2964 1
2965 1
2966 1
2967 1
2968 1
2969 1
2970 1
2971 1
2972 1
2973 1
2974 1
2975 1
2976 1
2977 1
2978 1
2979 1
2980 1
2981 1
2982 1
2983 1
2984 1
2985 1
2986 1
2987 1
2988 1
2989 1
2990 1
2991 1
2992 1
2993 1
2994 1
2995 1
2996 1
2997 1
2998 1
2999 1
3000 1
3001 1
3002 1
3003 1
3004 1
3005 1
3006 1
3007 1
3008 1
3009 1
3010 1
3011 1
3012 1
3013 1
3014 1
3015 1
3016 1
3017 1
3018 1
3019 1
3020 1
3021 1
3022 1
3023 1
3024 1
3025 1
3026 1
3027 1
3028 1
3029 1
3030 1
3031 1
3032 1
3033 1
3034 1
3035 1
3036 1
3037 1
3038 1
3039 1
3040 1
3041 1
3042 1
3043 1
3044 1
3045 1
3046 1
3047 1
3048 1
3049 1
3050 1
3051 1
3052 1
3053 1
3054 1
3055 1
3056 1
3057 1
3058 1
3059 1
3060 1
3061 1
3062 1
3063 1
3064 1
3065 1
3066 1
3067 1
3068 1
3069 1
3070 1
3071 1
3072 1
3073 1
3074 1
3075 1
3076 1
3077 1
3078 1
3079 1
3080 1
3081 1
3082 1
3083 1
3084 1
3085 1
3086 1
3087 1
3088 1
3089 1
3090 1
3091 1
3092 1
3093 1
3094 1
3095 1
3096 1
3097 1
3098 1
3099 1
3100 1
3101 1
3102 1
3103 1
3104 1
3105 1
3106 1
3107 1
3108 1
3109 1
3110 1
3111 1
3112 1
3113 1
3114 1
3115 1
3116 1
3117 1
3118 1
3119 1
3120 1
3121 1
3122 1
3123 1
3124 1
3125 1
3126 1
3127 1
3128 1
3129 1
3130 1
3131 1
3132 1
3133 1
3134 1
3135 1
3136 1
3137 1
3138 1
3139 1
3140 1
3141 1
3142 1
3143 1
3144 1
3145 1
3146 1
3147 1
3148 1
3149 1
3150 1
3151 1
3152 1
3153 1
3154 1
3155 1
3156 1
3157 1
3158 1
3159 1
3160 1
3161 1
3162 1
3163 1
3164 1
3165 1
3166 1
3167 1
3168 1
3169 1
3170 1
3171 1
3172 1
3173 1
3174 1
3175 1
3176 1
3177 1
3178 1
3179 1
3180 1
3181 1
3182 1
3183 1
3184 1
3185 1
3186 1
3187 1
3188 1
3189 1
3190 1
3191 1
3192 1
3193 1
3194 1
3195 1
3196 1
3197 1
3198 1
3199 1
3200 1
3201 1
3202 1
3203 1
3204 1
3205 1
3206 1
3207 1
3208 1
3209 1
3210 1
3211 1
3212 1
3213 1
3214 1
3215 1
3216 1
3217 1
3218 1
3219 1
3220 1
3221 1
3222 1
3223 1
3224 1
3225 1
3226 1
3227 1
3228 1
3229 1
3230 1
3231 1
3232 1
3233 1
3234 1
3235 1
3236 1
3237 1
3238 1
3239 1
3240 1
3241 1
3242 1
3243 1
3244 1
3245 1
3246 1
3247 1
3248 1
3249 1
3250 1
3251 1
3252 1
3253 1
3254 1
3255 1
3256 1
3257 1
3258 1
3259 1
3260 1
3261 1
3262 1
3263 1
3264 1
3265 1
3266 1
3267 1
3268 1
3269 1
3270 1
3271 1
3272 1
3273 1
3274 1
3275 1
3276 1
3277 1
3278 1
3279 1
3280 1
3281 1
3282 1
3283 1
3284 1
3285 1
3286 1
3287 1
3288 1
3289 1
3290 1
3291 1
3292 1
3293 1
3294 1
3295 1
3296 1
3297 1
3298 1
3299 1
3300 1
3301 1
3302 1
3303 1
3304 1
3305 1
3306 1
3307 1
3308 1
3309 1
3310 1
3311 1
3312 1
3313 1
3314 1
3315 1
3316 1
3317 1
3318 1
3319 1
3320 1
3321 1
3322 1
3323 1
3324 1
3325 1
3326 1
3327 1
3328 1
3329 1
3330 1
3331 1
3332 1
3333 1
3334 1
3335 1
3336 1
3337 1
3338 1
3339 1
3340 1
3341 1
3342 1
3343 1
3344 1
3345 1
3346 1
3347 1
3348 1
3349 1
3350 1
3351 1
3352 1
3353 1
3354 1
3355 1
3356 1
3357 1
3358 1
3359 1
3360 1
3361 1
3362 1
3363 1
3364 1
3365 1
3366 1
3367 1
3368 1
3369 1
3370 1
3371 1
3372 1
3373 1
3374 1
3375 1
3376 1
3377 1
3378 1
3379 1
3380 1
3381 1
3382 1
3383 1
3384 1
3385 1
3386 1
3387 1
3388 1
3389 1
3390 1
3391 1
3392 1
3393 1
3394 1
3395 1
3396 1
3397 1
3398 1
3399 1
3400 1
3401 1
3402 1
3403 1
3404 1
3405 1
3406 1
3407 1
3408 1
3409 1
3410 1
3411 1
3412 1
3413 1
3414 1
3415 1
3416 1
3417 1
3418 1
3419 1
3420 1
3421 1
3422 1
3423 1
3424 1
3425 1
3426 1
3427 1
3428 1
3429 1
3430 1
3431 1
3432 1
3433 1
3434 1
3435 1
3436 1
3437 1
3438 1
3439 1
3440 1
3441 1
3442 1
3443 1
3444 1
3445 1
3446 1
3447 1
3448 1
3449 1
3450 1
3451 1
3452 1
3453 1
3454 1
3455 1
3456 1
3457 1
3458 1
3459 1
3460 1
3461 1
3462 1
3463 1
3464 1
3465 1
3466 1
3467 1
3468 1
3469 1
3470 1
3471 1
3472 1
3473 1
3474 1
3475 1
3476 1
3477 1
3478 1
3479 1
3480 1
3481 1
3482 1
3483 1
3484 1
3485 1
3486 1
3487 1
3488 1
3489 1
3490 1
3491 1
3492 1
3493 1
3494 1
3495 1
3496 1
3497 1
3498 1
3499 1
3500 1
3501 1
3502 1
3503 1
3504 1
3505 1
3506 1
3507 1
3508 1
3509 1
3510 1
3511 1
3512 1
3513 1
3514 1
3515 1
3516 1
3517 1
3518 1
3519 1
3520 1
3521 1
3522 1
3523 1
3524 1
3525 1
3526 1
3527 1
3528 1
3529 1
3530 1
3531 1
3532 1
3533 1
3534 1
3535 1
3536 1
3537 1
3538 1
3539 1
3540 1
3541 1
3542 1
3543 1
3544 1
3545 1
3546 1
3547 1
3548 1
3549 1
3550 1
3551 1
3552 1
3553 1
3554 1
3555 1
3556 1
3557 1
3558 1
3559 1
3560 1
3561 1
3562 1
3563 1
3564 1
3565 1
3566 1
3567 1
3568 1
3569 1
3570 1
3571 1
3572 1
3573 1
3574 1
3575 1
3576 1
3577 1
3578 1
3579 1
3580 1
3581 1
3582 1
3583 1
3584 1
3585 1
3586 1
3587 1
3588 1
3589 1
3590 1
3591 1
3592 1
3593 1
3594 1
3595 1
3596 1
3597 1
3598 1
3599 1
3600 1
3601 1
3602 1
3603 1
3604 1
3605 1
3606 1
3607 1
3608 1
3609 1
3610 1
3611 1
3612 1
3613 1
3614 1
3615 1
3616 1
3617 1
3618 1
3619 1
3620 1
3621 1
3622 1
3623 1
3624 1
3625 1
3626 1
3627 1
3628 1
3629 1
3630 1
3631 1
3632 1
3633 1
3634 1
3635 1
3636 1
3637 1
3638 1
3639 1
3640 1
3641 1
3642 1
3643 1
3644 1
3645 1
3646 1
3647 1
3648 1
3649 1
3650 1
3651 1
3652 1
3653 1
3654 1
3655 1
3656 1
3657 1
3658 1
3659 1
3660 1
3661 1
3662 1
3663 1
3664 1
3665 1
3666 1
3667 1
3668 1
3669 1
3670 1
3671 1
3672 1
3673 1
3674 1
3675 1
3676 1
3677 1
3678 1
3679 1
3680 1
3681 1
3682 1
3683 1
3684 1
3685 1
3686 1
3687 1
3688 1
3689 1
3690 1
3691 1
3692 1
3693 1
3694 1
3695 1
3696 1
3697 1
3698 1
3699 1
3700 1
3701 1
3702 1
3703 1
3704 1
3705 1
3706 1
3707 1
3708 1
3709 1
3710 1
3711 1
3712 1
3713 1
3714 1
3715 1
3716 1
3717 1
3718 1
3719 1
3720 1
3721 1
3722 1
3723 1
3724 1
3725 1
3726 1
3727 6
3728 6
3729 6
3730 6
3731 6
3732 6
3733 6
3734 6
3735 6
3736 6
3737 6
3738 6
3739 6
3740 6
3741 6
3742 6
3743 6
3744 6
3745 6
3746 6
3747 6
3748 6
3749 6
3750 6
3751 6
3752 6
3753 6
3754 6
3755 6
3756 6
3757 6
3758 6
3759 6
3760 6
3761 6
3762 6
3763 6
3764 6
3765 6
3766 6
3767 6
3768 6
3769 6
3770 6
3771 6
3772 6
3773 6
3774 6
3775 6
3776 6
3777 6
3778 6
3779 6
3780 6
3781 6
3782 6
3783 6
3784 6
3785 6
3786 6
3787 6
3788 6
3789 6
3790 6
3791 6
3792 6
3793 6
3794 6
3795 6
3796 6
3797 6
3798 6
3799 6
3800 6
3801 6
3802 6
3803 6
3804 6
3805 6
3806 6
3807 6
3808 6
3809 6
3810 6
3811 6
3812 6
3813 6
3814 6
3815 6
3816 6
3817 6
3818 6
3819 6
3820 6
3821 6
3822 6
3823 6
3824 6
3825 6
3826 6
3827 6
3828 6
3829 6
3830 6
3831 6
3832 6
3833 6
3834 6
3835 6
3836 6
3837 6
3838 6
3839 6
3840 6
3841 6
3842 6
3843 6
3844 6
3845 6
3846 6
3847 6
3848 6
3849 6
3850 6
3851 6
3852 6
3853 6
3854 6
3855 6
3856 6
3857 6
3858 6
3859 6
3860 6
3861 6
3862 6
3863 6
3864 6
3865 6
3866 6
3867 6
3868 6
3869 6
3870 6
3871 6
3872 6
3873 6
3874 6
3875 6
3876 6
3877 6
3878 6
3879 6
3880 6
3881 6
3882 6
3883 6
3884 6
3885 6
3886 6
3887 6
3888 6
3889 6
3890 6
3891 6
3892 6
3893 6
3894 6
3895 6
3896 6
3897 6
3898 6
3899 6
3900 6
3901 6
3902 6
3903 6
3904 6
3905 6
3906 6
3907 6
3908 6
3909 6
3910 6
3911 6
3912 6
3913 6
3914 6
3915 6
3916 6
3917 6
3918 6
3919 6
3920 6
3921 6
3922 6
3923 6
3924 6
3925 6
3926 6
3927 6
3928 6
3929 6
3930 6
3931 6
3932 6
3933 6
3934 6
3935 6
3936 6
3937 6
3938 6
3939 6
3940 6
3941 6
3942 6
3943 6
3944 6
3945 6
3946 6
3947 6
3948 6
3949 6
3950 6
3951 6
3952 6
3953 6
3954 6
3955 6
3956 6
3957 6
3958 6
3959 6
3960 6
3961 6
3962 6
3963 6
3964 6
3965 6
3966 6
3967 6
3968 6
3969 6
3970 6
3971 6
3972 6
3973 6
3974 6
3975 6
3976 6
3977 6
3978 6
3979 6
3980 6
3981 6
3982 6
3983 6
3984 6
3985 6
3986 6
3987 6
3988 6
3989 6
3990 6
3991 6
3992 6
3993 6
3994 6
3995 6
3996 6
3997 6
3998 6
3999 6
4000 6
4001 6
4002 6
4003 6
4004 6
4005 6
4006 6
4007 6
4008 6
4009 6
4010 6
4011 6
4012 6
4013 6
4014 6
4015 6
4016 6
4017 6
4018 6
4019 6
4020 6
4021 6
4022 6
4023 6
4024 6
4025 6
4026 6
4027 6
4028 6
4029 6
4030 6
4031 6
4032 6
4033 6
4034 6
4035 6
4036 6
4037 6
4038 6
4039 6
4040 6
4041 6
4042 6
4043 6
4044 6
4045 6
4046 6
4047 6
4048 6
4049 6
4050 6
4051 6
4052 6
4053 6
4054 6
4055 6
4056 6
4057 6
4058 6
4059 6
4060 6
4061 6
4062 6
4063 6
4064 6
4065 6
4066 6
4067 6
4068 6
4069 6
4070 6
4071 6
4072 6
4073 6
4074 6
4075 6
4076 6
4077 6
4078 6
4079 6
4080 6
4081 6
4082 6
4083 6
4084 6
4085 6
4086 6
4087 6
4088 6
4089 6
4090 6
4091 6
4092 6
4093 6
4094 6
4095 6
4096 6
4097 6
4098 6
4099 6
4100 6
4101 6
4102 6
4103 6
4104 6
4105 6
4106 6
4107 6
4108 6
4109 6
4110 6
4111 6
4112 6
4113 6
4114 6
4115 6
4116 6
4117 6
4118 6
4119 6
4120 6
4121 6
4122 6
4123 6
4124 6
4125 6
4126 6
4127 6
4128 6
4129 6
4130 6
4131 6
4132 6
4133 6
4134 6
4135 6
4136 6
4137 6
4138 6
4139 6
4140 6
4141 6
4142 6
4143 6
4144 6
4145 6
4146 6
4147 6
4148 6
4149 6
4150 6
4151 6
4152 6
4153 6
4154 6
4155 6
4156 6
4157 6
4158 6
4159 6
4160 6
4161 6
4162 6
4163 6
4164 6
4165 6
4166 6
4167 6
4168 6
4169 6
4170 6
4171 6
4172 6
4173 6
4174 6
4175 6
4176 6
4177 6
4178 6
4179 6
4180 6
4181 6
4182 6
4183 6
4184 6
4185 6
4186 6
4187 6
4188 6
4189 6
4190 6
4191 6
4192 6
4193 6
4194 6
4195 6
4196 6
4197 6
4198 6
4199 6
4200 6
4201 6
4202 6
4203 6
4204 6
4205 6
4206 6
4207 6
4208 6
4209 6
4210 6
4211 6
4212 6
4213 6
4214 6
4215 6
4216 6
4217 6
4218 6
4219 6
4220 6
4221 6
4222 6
4223 6
4224 6
4225 6
4226 6
4227 6
4228 6
4229 6
4230 6
4231 6
4232 6
4233 6
4234 6
4235 6
4236 6
4237 6
4238 6
4239 6
4240 6
4241 6
4242 6
4243 6
4244 6
4245 6
4246 6
4247 6
4248 6
4249 6
4250 6
4251 6
4252 6
4253 6
4254 6
4255 6
4256 6
4257 6
4258 6
4259 6
4260 6
4261 6
4262 6
4263 6
4264 6
4265 6
4266 6
4267 6
4268 6
4269 6
4270 6
4271 6
4272 6
4273 6
4274 6
4275 6
4276 6
4277 6
4278 6
4279 6
4280 6
4281 6
4282 6
4283 6
4284 6
4285 6
4286 6
4287 6
4288 6
4289 6
4290 6
4291 6
4292 6
4293 6
4294 6
4295 6
4296 6
4297 6
4298 6
4299 6
4300 6
4301 6
4302 6
4303 6
4304 6
4305 6
4306 6
4307 6
4308 6
4309 6
4310 6
4311 6
4312 6
4313 6
4314 6
4315 6
4316 6
4317 6
4318 6
4319 6
4320 6
4321 6
4322 6
4323 6
4324 6
4325 6
4326 6
4327 6
4328 6
4329 6
4330 6
4331 6
4332 6
4333 6
4334 6
4335 6
4336 6
4337 6
4338 6
4339 6
4340 6
4341 6
4342 6
4343 6
4344 6
4345 6
4346 6
4347 6
4348 6
4349 6
4350 6
4351 6
4352 6
4353 6
4354 6
4355 6
4356 6
4357 6
4358 6
4359 6
4360 6
4361 6
4362 6
4363 6
4364 6
4365 6
4366 6
4367 6
4368 6
4369 6
4370 6
4371 6
4372 6
4373 6
4374 6
4375 6
4376 6
4377 6
4378 6
4379 6
4380 6
4381 6
4382 6
4383 6
4384 6
4385 6
4386 6
4387 6
4388 6
4389 6
4390 6
4391 6
4392 6
4393 6
4394 6
4395 6
4396 6
4397 6
4398 6
4399 6
4400 6
4401 6
4402 6
4403 6
4404 6
4405 6
4406 6
4407 6
4408 7
4409 6
4410 6
4411 6
4412 6
4413 6
4414 6
4415 6
4416 6
4417 6
4418 6
4419 6
4420 6
4421 6
4422 6
4423 6
4424 6
4425 6
4426 6
4427 6
4428 6
4429 6
4430 6
4431 6
4432 6
4433 6
4434 6
4435 6
4436 6
4437 6
4438 6
4439 6
4440 6
4441 6
4442 6
4443 6
4444 6
4445 6
4446 6
4447 6
4448 6
4449 6
4450 6
4451 6
4452 6
4453 6
4454 6
4455 6
4456 6
4457 6
4458 6
4459 6
4460 6
4461 6
4462 6
4463 6
4464 6
4465 6
4466 6
4467 6
4468 6
4469 6
4470 6
4471 6
4472 6
4473 6
4474 6
4475 6
4476 6
4477 6
4478 6
4479 6
4480 6
4481 6
4482 6
4483 6
4484 6
4485 6
4486 6
4487 6
4488 6
4489 6
4490 6
4491 6
4492 6
4493 6
4494 6
4495 6
4496 6
4497 6
4498 6
4499 6
4500 6
4501 6
4502 6
4503 6
4504 6
4505 6
4506 6
4507 6
4508 6
4509 6
4510 6
4511 6
4512 6
4513 6
4514 6
4515 6
4516 6
4517 6
4518 6
4519 6
4520 6
4521 6
4522 6
4523 6
4524 6
4525 6
4526 6
4527 6
4528 6
4529 6
4530 6
4531 6
4532 6
4533 6
4534 6
4535 6
4536 6
4537 6
4538 6
4539 6
4540 6
4541 6
4542 6
4543 6
4544 6
4545 6
4546 6
4547 6
4548 6
4549 6
4550 6
4551 6
4552 6
4553 6
4554 6
4555 6
4556 6
4557 6
4558 6
4559 6
4560 6
4561 6
4562 6
4563 6
4564 6
4565 6
4566 6
4567 6
4568 6
4569 6
4570 6
4571 6
4572 6
4573 6
4574 6
4575 6
4576 6
4577 6
4578 6
4579 6
4580 6
4581 6
4582 6
4583 6
4584 6
4585 6
4586 6
4587 6
4588 6
4589 6
4590 6
4591 6
4592 6
4593 6
4594 6
4595 6
4596 6
4597 6
4598 6
4599 6
4600 6
4601 6
4602 6
4603 6
4604 6
4605 6
4606 6
4607 6
4608 6
4609 6
4610 6
4611 6
4612 6
4613 6
4614 6
4615 6
4616 6
4617 6
4618 6
4619 6
4620 6
4621 6
4622 6
4623 6
4624 6
4625 6
4626 6
4627 6
4628 6
4629 6
4630 6
4631 6
4632 6
4633 6
4634 6
4635 6
4636 6
4637 6
4638 6
4639 6
4640 6
4641 6
4642 6
4643 6
4644 6
4645 6
4646 6
4647 6
4648 6
4649 6
4650 6
4651 6
4652 6
4653 6
4654 6
4655 6
4656 6
4657 6
4658 6
4659 6
4660 6
4661 6
4662 6
4663 6
4664 6
4665 6
4666 6
4667 6
4668 6
4669 6
4670 6
4671 6
4672 6
4673 6
4674 6
4675 6
4676 6
4677 6
4678 6
4679 6
4680 6
4681 6
4682 6
4683 6
4684 6
4685 6
4686 6
4687 6
4688 6
4689 6
4690 6
4691 6
4692 6
4693 6
4694 6
4695 6
4696 6
4697 6
4698 6
4699 6
4700 6
4701 6
4702 6
4703 6
4704 6
4705 6
4706 6
4707 6
4708 6
4709 6
4710 6
4711 6
4712 6
4713 6
4714 6
4715 6
4716 6
4717 6
4718 6
4719 6
4720 6
4721 6
4722 6
4723 6
4724 6
4725 6
4726 6
4727 6
4728 6
4729 6
4730 6
4731 6
4732 6
4733 6
4734 6
4735 6
4736 6
4737 6
4738 6
4739 6
4740 6
4741 6
4742 6
4743 6
4744 6
4745 6
4746 6
4747 6
4748 6
4749 6
4750 6
4751 6
4752 6
4753 6
4754 6
4755 6
4756 6
4757 6
4758 6
4759 6
4760 6
4761 6
4762 6
4763 6
4764 6
4765 6
4766 6
4767 6
